ground,0,0,40,40
gd_mv_1,40,0,40,40
gd_mv_2,80,0,40,40
gd_mv_3,120,0,40,40
grapple,160,0,40,40
gp_mv_1,200,0,40,40
gp_mv_2,240,0,40,40
gp_mv_3,280,0,40,40
sprite9,0,40,40,40
gd_at_1,40,40,40,40
gd_at_2,80,40,40,40
gd_at_3,120,40,40,40
sprite13,160,40,40,40
gp_at_1,200,40,40,40
gp_at_2,240,40,40,40
gp_at_3,280,40,40,40
duck,0,80,40,40
dk_at_1,40,80,40,40
dk_at_2,80,80,40,40
dk_at_3,120,80,40,40
sprite21,160,80,40,40
climb_1,200,80,40,40
climb_2,240,80,40,40
climb_3,280,80,40,40
start,0,120,40,40
hit,40,120,40,40
die_1,80,120,40,40
die_2,120,120,40,40
jump,160,120,40,40
jp_at_1,200,120,40,40
jp_at_2,240,120,40,40
jp_at_3,280,120,40,40